1 1 209 11869 6730012 -0.019951629676127
1 209 490 6724637 19596832 0.0205086471988925
1 490 784 19591802 31051034 0.081774739077065
1 784 993 31050872 40333557 0.188796760307711
1 993 1202 40333078 48182428 0.0502405892091254
1 1202 1462 48096092 65436007 -0.0318547381835431
1 1462 2143 65420587 116909531 0.0119412303538121
1 2143 2352 116909149 150964744 -0.117019924431153
1 2352 2674 150926263 158031166 0.105456135206645
1 2674 2921 158025550 167459891 -0.0120527349215602
1 2921 3130 167457742 180278984 -0.0489149075413238
1 3130 3681 180230264 220784815 0.00846212059927908
1 3898 4181 233836080 248937043 -0.0984243721748434
10 1 143 44712 11612227 -0.0202154867379629
10 143 229 11611305 18543557 0.121993769177561
10 229 315 18140424 27155266 0.0119042797819979
10 315 426 27110111 35642278 0.0878685764904358
10 426 545 35638249 45073541 -0.0614356747698048
10 545 631 45073146 50266815 -0.163965789439724
10 631 781 50264978 69104805 -0.0633786860856499
10 781 948 69088103 77376613 0.0566200862851013
10 948 1039 77350851 84294659 -0.0523412285632518
10 1039 1167 84267747 92420875 -0.017865299989316
10 1167 1314 92418667 100519864 0.0664490855620358
10 1314 1400 100486646 103517393 0.100699698166132
10 1400 1549 103479603 119165714 -0.0248474914556969
10 1644 1730 125896564 133778699 -0.000773674498190464
11 1 258 75780 5456518 0.00728749977679171
11 258 393 5449323 9314636 -0.107323605136296
11 393 528 9280654 18248668 0.102918392873121
11 528 695 18239223 33357023 -0.0425431472850578
11 695 928 33256672 49071000 0.0661477241554375
11 928 1259 49070752 61369509 -0.00750811589538656
11 1259 1454 61362344 65413525 0.15765602217294
11 1454 1589 65386621 67805336 0.285696117638537
11 1589 1771 67791648 74456825 0.081381624601176
11 1771 2057 74455348 93721865 -0.0324606592119925
11 2057 2261 93721513 111864460 0.0572932141833503
11 2261 2396 111864254 118342705 -0.0815212351725168
11 2531 2707 124115404 135075908 -0.0244173871265277
12 1 219 12310 8242948 0.0239384215282948
12 219 376 8232512 12685075 -0.180909754154027
12 376 661 12668982 34162238 -0.0700245343923417
12 661 846 34149839 49188484 0.0283718736695133
12 846 960 49127782 52493257 0.0797183323406075
12 960 1117 52487176 55720087 0.0249060528299756
12 1117 1231 55716037 57797554 0.168861541974495
12 1231 1345 57772660 67069162 -0.0509367707564067
12 1345 1532 66347431 81759553 0.0272270169292277
12 1532 1694 81257975 97185609 -0.113280550331655
12 1694 1817 96985656 106987160 0.0241489531204497
12 1817 1946 106977277 113789807 0.183377444789432
12 1946 2067 113789542 121039242 0.0826576779359247
12 2181 2295 126864465 133235877 0.0650293153172546
13 1 114 18467172 23766104 -0.00871740301968773
13 114 161 23765934 26405238 -0.114276571906989
13 161 208 26254104 29888405 0.0766282116753801
13 208 255 29872613 33281584 0.0380255376259833
13 255 318 33180401 40224862 -0.149789581735514
13 318 365 40224625 43893932 0.0399155266424032
13 365 479 43879284 51599460 0.0729502676401382
13 479 555 51598416 63976422 0.0140804479985094
13 555 605 63975451 74377951 -0.0425230350722321
13 605 675 74377163 81691072 0.0745738056718366
13 675 723 81689911 91354579 0.00480842632359552
13 723 770 91347820 98455176 -0.0889389759455665
13 770 817 98142562 100757059 -0.0528152267320606
13 866 944 109400696 114333948 0.0662074765422168
14 1 155 18333726 21586280 0.00188172485933782
14 155 272 21585290 22524381 0.0371286450983968
14 272 359 22524325 24125242 0.0900043987056435
14 359 458 24114195 31302739 -0.0117779005938118
14 458 545 31248628 37552361 0.0527141819571129
14 545 632 37197913 47802201 -0.0854828346588355
14 632 738 47801926 54489026 0.0696393899312862
14 738 859 54474484 61570653 0.109265230836023
14 859 955 61556273 67715204 -0.0330974173622124
14 955 1048 67714545 73575658 0.0400975150929976
14 1048 1139 73567620 76886750 0.0987650125900785
14 1139 1310 76886377 92688994 -0.00871858370448668
14 1310 1418 92513781 99159669 0.0531730151073215
14 1418 1505 99158416 103123007 -0.0876450563231972
14 1620 1758 105884870 106879812 -0.00798368760306857
15 1 162 19878555 29269822 -0.0263033386898004
15 162 271 29264989 34795549 -0.224228124822244
15 271 392 34790230 41164374 -0.0460785341163518
15 392 523 41163162 45441808 0.160109538132711
15 523 662 45430652 55993746 0.0456233370433057
15 662 739 55826922 60118320 -0.00181415174770157
15 739 842 60073554 65817481 0.0976897146091501
15 842 938 65816302 72135436 0.0597149570659744
15 938 1014 72134641 74873365 -0.111563369227714
15 1014 1090 74843730 77904674 0.0845626235342381
15 1090 1166 77894684 81149179 -0.00167695997951339
15 1166 1277 81007033 87703852 -0.0805715645551599
15 1406 1533 93301416 101979093 -0.0778873688306214
16 1 185 11555 2520218 0.0604371793676167
16 185 290 2513952 4495763 -0.121817883126924
16 290 397 4461680 11276480 0.0747503281730419
16 397 524 11275639 18598328 0.00541929353805229
16 524 687 18571162 27364778 0.0794980454740193
16 687 795 27313668 30110541 -0.0694283812449493
16 795 892 30107675 31477960 0.118365204387317
16 892 1054 31471585 35421209 -0.0468460582319327
16 1054 1150 35420291 50047798 0.0180486512474391
16 1150 1246 50046496 56411683 -0.0704052431835734
16 1246 1352 56409320 62808706 0.0853263442955832
16 1352 1527 62808222 69941741 -0.0305237253819138
16 1527 1643 69762306 75325048 0.0813739579374227
16 1643 1739 75321890 83800640 -0.0592933080047898
16 1835 1932 87600526 90222851 -0.021223229935151
17 1 114 142789 3619913 0.107073028947613
17 114 360 3619256 9643447 0.0703859971830864
17 360 474 9576627 16044961 -0.054818441821112
17 474 602 16044621 19159187 0.0180532407587806
17 602 716 19127535 21573746 -0.0848635788230071
17 716 917 21573536 30863028 0.0317063836594925
17 917 1032 30834325 35344564 -0.0961351717072156
17 1032 1212 35344231 41812604 0.0105442093622075
17 1212 1369 41801947 45170040 0.0799439843631664
17 1369 1483 45160700 48634932 -0.124412455651046
17 1483 1674 48628675 58353093 0.0269267827616246
17 1674 1788 58345175 63472093 -0.0571005732200831
17 1788 1902 63471604 68601367 0.11250435249572
17 1902 2016 68535113 75405709 -0.00899387692134196
17 2176 2290 80966239 83240804 0.161975407384202
18 1 71 11103 3459978 -0.00983190884151917
18 71 123 3411608 7232047 -0.0898983374910794
18 123 190 7231125 11639699 0.056363973533808
18 190 234 11619509 12750068 -0.0107597858890081
18 234 278 12738965 14499278 0.0376869949939721
18 278 331 14477955 22900995 -0.0447057145636283
18 331 378 22900486 26657401 0.0443004200637896
18 378 463 26454910 35497940 -0.0734139239677485
18 463 507 35443871 45683688 -0.0182977579324052
18 507 558 45212995 49487252 -0.0896743012614404
18 558 637 49477243 57146998 0.106193399197072
18 637 686 57136322 59971396 0.0681274515158269
18 686 735 59969438 63661893 -0.0438814276871836
18 735 779 63655197 69214350 0.0131060781876796
18 825 895 74597870 80202992 0.00171251685851869
19 1 144 99175 2918473 0.137535668792747
19 144 415 2900898 9294482 0.0502605809550107
19 415 538 9291515 11979290 0.103183175723444
19 538 661 11925075 14408723 -0.0162067319780127
19 661 940 14402717 20424969 0.068843545698341
19 940 1096 20340269 27984743 -0.100453472102159
19 1096 1242 27902595 35169881 0.0106377093624526
19 1242 1434 35154730 39204263 -0.14109489782112
19 1434 1576 39202825 42196585 0.0565531966919356
19 1576 1699 42086110 45038198 -0.0720401225648708
19 1699 1976 45001449 50568435 0.0792485276907415
19 2099 2472 52336243 58599355 -0.0478202624039225
2 1 217 38814 19348067 0.0308786869968096
2 217 457 18986451 34069550 -0.00612358415602112
2 457 617 34067226 47663146 0.106197405275742
2 617 878 47403067 70248615 -0.00665242882495701
2 878 1140 70149880 88452693 0.0493254299020461
2 1140 1300 88446787 95640604 -0.0508725794387735
2 1300 1460 95640181 105038496 0.0580142755498626
2 1460 1812 104936241 130282105 0.00873065572472433
2 1812 2005 130280299 148516971 -0.113704441165064
2 2005 2239 148021011 172370401 -0.0174389545776492
2 2239 2605 172137345 202614704 0.0730536968178765
2 2605 2774 202614214 216156811 -0.000365416166948399
2 2971 3209 230034982 242175634 -0.0370556262802562
20 1 96 87250 3786740 0.00361014420842799
20 96 166 3783851 9577689 0.196573917242476
20 166 237 9575608 17599807 -0.0561758312494424
20 237 290 17599255 21106514 0.11391444593776
20 290 386 21085576 25969288 0.046838396652473
20 386 438 25955795 32335011 -0.0503578592778266
20 438 528 32277651 35529652 0.0982674695187441
20 528 617 35523186 41138003 0.201284319498909
20 617 669 41098019 44728509 0.0813829069171026
20 669 721 44714844 45879122 0.132116284896442
20 721 773 45857614 48827999 0.0383201980941664
20 773 825 48624252 51802521 0.140975171831366
20 825 877 51782331 57215866 0.00325404759239793
20 877 929 57214872 59933655 0.060781527058442
20 981 1041 62877738 64313132 0.080017580249521
21 1 113 9068361 22438349 0.00421141339714405
21 113 160 22436290 27143949 -0.0509189884370375
21 160 190 27143344 29361894 -0.0826849196721732
21 190 220 29351634 30510497 -0.156029553751074
21 220 295 30510307 33479348 -0.0747338480287186
21 295 344 33403413 36131376 0.0506056950967209
21 344 378 36130489 37526358 -0.106150717705451
21 378 418 37365573 39529855 -0.0296592225194705
21 418 468 39525583 42836477 -0.0992633154746626
21 468 497 42831040 43987592 0.0360727277386295
21 497 540 43865223 44682163 0.144037179860395
21 570 599 45593654 46691226 0.0181603954068306
22 1 52 11124337 16829335 -0.0036322935629145
22 52 132 16827474 19447450 -0.0614709115817316
22 132 197 19330698 21014292 0.0807034305699715
22 197 249 21008193 22099212 -0.0533904366597208
22 249 386 22098700 23838009 0.0032133862806091
22 386 492 23786931 27801756 -0.136084295302937
22 492 560 27748277 30546682 0.0799048840126608
22 560 612 30522799 32159322 -0.00717455610814512
22 612 666 32149006 35704176 0.0243115343230053
22 666 770 35703803 38749041 0.191705208266468
22 770 822 38739003 40789267 0.0392959440104323
22 822 874 40788777 42149455 0.0956224037906148
22 874 935 42140203 45163781 -0.0668437485474043
22 993 1045 49817248 50783663 0.0539798657164599
3 1 122 11745 11039247 -0.00808081907486543
3 122 346 10992186 32753901 0.0557142110118731
3 346 485 32752910 42908105 0.109650499739307
3 485 607 42809414 48467645 0.0394010126693798
3 607 729 48465811 51974031 0.218115983325386
3 729 852 51961212 60730644 0.159947700029264
3 852 1121 60730055 100181732 -0.0601968727488547
3 1121 1258 99817837 113167819 0.029391662934922
3 1258 1380 113142350 122575203 -0.0365221120295493
3 1380 1530 122564338 130094304 0.120540207909263
3 1530 1659 130089433 139466795 0.0535678022861722
3 1659 2050 139466430 171026743 -0.066838635004416
3 2050 2175 170996347 183428778 0.0175246657372348
3 2297 2455 190166764 198228376 -0.107265388717916
4 1 176 49096 8619761 0.0323513209518181
4 176 315 8558725 17552752 -0.0649186433346469
4 315 504 17552117 41935075 0.0671460098672291
4 504 606 41883060 53366066 -0.0202205847267417
4 606 715 52872982 64611308 0.0597114734710674
4 715 819 64610980 70204576 -0.030960321364941
4 819 923 70196496 76898144 -0.104507393178409
4 923 1025 76894152 86815171 0.029780274077668
4 1025 1127 86594315 98977117 -0.0703396787949715
4 1127 1229 98976800 108168956 0.0456124381142476
4 1229 1331 108047545 117250188 -0.0382379711016521
4 1331 1521 117249924 139177218 -0.00309501121951479
4 1521 1671 139028112 152614333 0.0254515895263277
4 1671 1773 152613875 162985416 -0.049019900028761
4 1875 2058 173615936 190082386 -0.0839901925565068
5 1 115 58198 7326609 -0.0490186499295855
5 115 237 7289891 17615111 -0.00458911903967903
5 237 352 17614781 32523865 -0.10888411990307
5 352 507 32522758 43521811 -0.00206592702602391
5 507 677 43511058 63023489 -0.0867705624014559
5 677 816 63022919 73152938 0.094156852747029
5 816 1073 73152416 93585649 -0.0290121066204747
5 1073 1188 93360779 103120138 -0.108751160006091
5 1188 1353 103086000 121671872 -0.0204777674874212
5 1353 1628 121671373 139745010 0.0636069308557076
5 1628 1743 139684645 142154440 -0.137239167417895
5 1743 1916 142108779 155398353 0.0972252482456776
5 2105 2318 173463484 181472430 0.114443716847615
6 1 114 95124 6918715 0.0333840358799407
6 114 346 6901022 27084147 -0.0269838318906245
6 346 524 27083280 30626395 -0.143009565070331
6 524 729 30617840 33416453 0.0225970258581843
6 729 854 33410399 39934551 0.115021392816406
6 854 1110 39899578 54603150 0.0413735659589854
6 1110 1259 54602487 74652002 -0.0544281533618416
6 1259 1415 74642384 89567044 0.00451216531965411
6 1415 1529 89560875 107230152 0.0519224622587175
6 1529 1690 107229759 118935162 0.0076312723657869
6 1690 2002 118813442 149304428 0.0376163294855993
6 2116 2289 157700387 170745977 0.000117632722426444
7 1 162 70972 8262687 0.114089168609746
7 162 364 8113184 27158976 -0.0164182132879151
7 364 479 27158344 35169535 -0.0670752533714982
7 479 594 35169224 43274582 -0.0275298838071745
7 594 709 43274159 51260167 0.0691824810011682
7 709 886 51259429 63910453 0.00805280491979506
7 886 1022 63908966 72723089 -0.0940859470706479
7 1022 1266 72722885 93845308 -0.0310645042252462
7 1266 1436 93844789 101201038 0.072844430265029
7 1436 1646 101195007 118951259 0.103291444125975
7 1646 1852 118950386 134970729 -0.0329848459278288
7 1852 1967 134744252 142106747 0.0897389505545947
7 2149 2307 149547154 159233377 0.030759097267331
8 1 171 64091 10479446 -0.0261181630959914
8 171 292 10476591 17224799 -0.0759498118616449
8 292 397 17156482 23296279 0.0474079063625245
8 397 510 23270120 30180888 0.14082648589896
8 510 699 30176554 42897290 0.0279418117462017
8 699 884 42849637 59123478 0.0724115798787482
8 884 1064 59119040 74099853 -0.0663257688475229
8 1064 1158 74052340 82961926 -0.15276669550792
8 1158 1313 82033533 94974853 -0.0681511156082399
8 1313 1538 94974573 116766925 -0.0182961800173871
8 1538 1678 116642130 129865052 0.0613096482608304
8 1805 1899 143290399 145066685 0.0772883538241325
9 1 86 12134 5776557 -0.064603012172207
9 86 173 5629025 15588615 -0.103441346482279
9 173 259 15588355 22214672 0.0697762708133775
9 259 345 22203990 33473930 -0.0388045664538513
9 345 515 33461353 39288315 -0.00804463510969258
9 515 601 39072767 62845184 -0.110195942681808
9 601 687 62844818 70217668 -0.248181990005695
9 687 825 70217195 85805154 0.0695005268919112
9 825 1026 85783668 97378751 -0.038911829660916
9 1026 1112 97307304 104329396 0.00992525249265003
9 1112 1198 104328320 111795008 0.0784899556577759
9 1198 1296 111686173 120929173 0.0416732529168765
9 1296 1411 120902393 127503501 0.116621635437091
9 1411 1497 127451486 129636135 0.293961531556492
9 1610 1733 135447446 138286430 0.0820045350055328
X 1 124 253743 15270467 0.0631855404761328
X 124 300 15235288 35059974 -0.0370766907726052
X 300 390 35058927 43000396 0.0190165368672436
X 390 480 43000174 48199431 -0.0502693624758253
X 480 611 48197221 52722524 0.0168253414267953
X 611 701 52722338 57986133 0.0598925730406863
X 701 791 57984686 70673515 -0.112195274328512
X 791 910 70672895 77728080 -0.0235792038135735
X 910 1008 77727867 93042942 0.0282106306885086
X 1008 1114 93042490 102786604 -0.075206958938312
X 1114 1204 102785667 108383993 -0.266569616226686
X 1204 1312 108383398 119565409 -0.101830334413186
X 1312 1402 119538149 126473281 0.0899698947357455
X 1714 1804 153479266 156027877 0.199720738153484
