1 1 209 11869 6730012 -0.0341719941746377
1 209 490 6724637 19596832 0.00579185013185015
1 490 956 19591802 38881587 0.112689205684242
1 956 1169 38874069 46900437 0.0474876619106317
1 1169 1378 46843095 58084559 -0.00466415087541307
1 1378 1587 58084419 77979110 -0.0515259444465874
1 1587 1828 77944055 98049863 0.0223431691066266
1 1828 2132 97933474 116478842 -0.046669803153881
1 2132 2341 116423724 150579738 -0.0874649094314968
1 2341 2675 150574551 158149810 0.114066148654355
1 2675 3140 158131983 180971247 -0.042069376846348
1 3140 3416 180970837 203353651 0.0179250963860493
1 3416 3639 203353365 217871696 -0.0311472200460574
1 3910 4181 234391313 248937043 -0.026520424699732
10 1 143 44712 11612227 -0.0238056281753145
10 143 229 11611305 18543557 0.0538662950727427
10 229 315 18140424 27155266 -0.0247244544933932
10 315 426 27110111 35642278 0.0423352220850596
10 426 545 35638249 45073541 -0.126326068800028
10 545 631 45073146 50266815 -0.184343173362147
10 631 717 50264978 62919900 -0.0188067140844029
10 717 803 62811996 69779838 -0.0769158782988813
10 803 889 69778962 73737311 0.119751043966348
10 889 975 73730562 79544356 -0.0443034654710882
10 975 1074 79544087 87094843 -0.134207623724789
10 1074 1333 87050202 101194147 0.0047217745553599
10 1333 1419 101176306 104624795 0.141138857494719
10 1419 1549 104566931 119165714 -0.00609521533114539
10 1635 1730 125683229 133778699 0.0175778051811874
11 1 135 75780 2991344 0.0467303789771859
11 135 391 2989863 9265350 0.0137228245571014
11 391 526 9138825 18236802 0.123517669451417
11 526 710 18231355 33881800 -0.00112661170092973
11 710 926 33880643 49038451 0.086866454416357
11 926 1255 49027501 61295316 -0.0101198637581372
11 1255 1456 61258286 65466720 0.205865768566985
11 1456 1592 65455258 67926431 0.285501912660401
11 1592 1771 67925651 74456825 0.0422971209508721
11 1771 2098 74455348 95832693 -0.0327037845659969
11 2098 2352 95789965 116658295 -0.00202687402011716
11 2487 2707 122028325 135075908 -0.00436179163640985
12 1 210 12310 8097881 0.0600985351889482
12 210 388 8076939 12963539 -0.249708096237109
12 388 675 12962300 38589812 0.00706207908351999
12 675 821 38544177 48765790 0.0688261747248874
12 821 946 48727435 52258867 0.102448008577591
12 946 1147 52250466 56117967 0.0442306526510767
12 1147 1261 56116590 61600843 0.151589136153795
12 1261 1426 61600067 71710374 -0.0172072160689289
12 1426 1540 71709171 82479239 0.065805530567526
12 1540 1704 82358528 98516422 0.0110676553980317
12 1704 1875 98512973 110445548 0.0829132636418175
12 1875 2043 110387463 120450803 0.167944801795412
12 2168 2295 125958688 133235877 0.0417597656513815
13 1 49 18467172 19863649 0
13 49 114 19823482 23766104 -0.044199179088907
13 114 170 23765934 27169135 -0.129301227535845
13 170 270 27162855 35476689 0.0449086616071014
13 270 322 35473789 40812460 -0.088719195229748
13 322 369 40789412 44240517 0.0636005080483813
13 369 416 44110451 46797420 0.000949090741211894
13 416 475 46771256 51554678 0.0714872133191344
13 475 529 51452364 59263391 -0.126138978372918
13 529 625 59262680 76014501 -0.00780410634772836
13 625 675 76013023 81691072 0.0842875012598718
13 675 761 81689911 97187578 -0.0198026473488545
13 761 811 97168751 100589528 0.0569869826537685
13 869 944 110053285 114333948 0.0804952356971725
14 1 90 18333726 20461465 -0.0392445244148328
14 90 182 20457681 21918756 0.0442125809034958
14 182 269 21918188 22520478 -0.0144991758056552
14 269 356 22520416 24078100 0.125489529212466
14 356 459 24070837 31420550 -0.0163420234182048
14 459 546 31291788 37567095 0.0415668974323421
14 546 633 37556158 48046216 -0.0623266093852358
14 633 795 48045481 58141660 0.113953915541104
14 795 920 58141279 65235101 -0.0417319786233767
14 920 1007 65234515 70712153 0.094376945785563
14 1007 1094 70698698 74923302 0.0108770596178802
14 1094 1181 74903951 79249023 0.0929735531431801
14 1181 1279 79246668 90491637 -0.0316854790906716
14 1279 1367 90489010 95475836 0.0879916140663617
14 1367 1508 95407266 103149408 0.0055452343711016
14 1618 1758 105881539 106879812 -0.00988533837620736
15 1 79 19878555 23367231 -0.0219299531524096
15 79 175 23354748 30093499 -0.0963140320657661
15 175 251 30083053 34086314 -0.312993702381172
15 251 347 34085911 40307935 -0.111675770907182
15 347 423 40278176 42156636 0.0641505648517215
15 423 499 42139034 44930622 0.118790955910591
15 499 589 44914802 50560500 -0.0315925660966188
15 589 665 50557601 56245082 0.0311665314778229
15 665 741 56087280 60390682 -0.0427631190206859
15 741 887 60390371 68727806 0.089204570133204
15 887 1012 68578993 74831802 0.023438718148743
15 1012 1088 74826627 77668074 0.109901102737397
15 1088 1164 77660052 80993258 -0.0248222079345819
15 1164 1275 80990804 86988426 -0.0745317872579446
15 1406 1533 93301416 101979093 -0.0568427980306726
16 1 113 11555 1555580 0.0221906434397931
16 113 209 1528688 2839585 0.136839257474797
16 209 305 2830169 4796491 -0.0415286426391198
16 305 401 4788397 11527245 0.0772329774997696
16 401 526 11359845 18801519 -0.0536690238557552
16 526 639 18788063 23624107 -0.0243214561490041
16 639 744 23605841 29221040 0.0629545088119022
16 744 869 29215385 31118747 -0.0694987011204451
16 869 994 31118078 33622547 0.00179478170990049
16 994 1100 33577502 47150566 -0.0548440782291685
16 1100 1269 47150132 56730010 0.00809034015452981
16 1269 1365 56708450 64600247 0.164115358910293
16 1365 1519 64364781 69466264 -0.013826270576523
16 1519 1615 69463844 74335346 0.0452527557662102
16 1748 1932 83899115 90222851 0.103914454510468
17 1 115 142789 3663103 0.111934281413283
17 115 258 3636459 7319174 -0.0186326709116918
17 258 372 7312661 10317926 0.088953687700274
17 372 586 10291820 18779349 -0.029932775296984
17 586 700 18744026 21000323 -0.136405662023812
17 700 885 20999747 30069631 0.0428317819883195
17 885 1001 30068632 34178166 -0.0702154295770507
17 1001 1212 34176538 41812604 0.033010322194113
17 1212 1368 41801947 45161510 0.0925545367428329
17 1368 1482 45150400 48626358 -0.149871633117382
17 1482 1787 48621156 63455817 0.0390988754357908
17 1787 1901 63454993 68551319 0.0731978845654828
17 1901 2015 68511780 75289510 -0.0457238121507327
17 2129 2290 78674048 83240804 0.168761688525361
18 1 49 11103 2594913 0
18 49 128 2593674 8367034 -0.0838245455722491
18 128 175 8360820 10637399 -0.119161110393241
18 175 219 10636670 12211807 -0.0156242583920189
18 219 334 12211378 23260354 -0.0619576994052237
18 334 396 23257164 28789580 0.0549378342811557
18 396 489 28638714 39335672 -0.0649530968075518
18 489 548 39334872 48688419 -0.0988837689188121
18 548 610 48673575 54599493 0.125244159764098
18 610 688 54587757 60014258 0.030643230846048
18 688 737 60010281 63903888 -0.0458559571071983
18 737 781 63871692 69471736 -0.0171257026705654
18 829 895 75409476 80202992 -0.012268687436912
19 1 218 99175 4518465 0.124302352233541
19 218 404 4502180 9188818 0.0398887560194352
19 404 534 9178979 11842439 0.133200187571938
19 534 657 11841241 14269377 -0.00686295604727417
19 657 928 14267807 20125484 0.0831989366732473
19 928 1128 20125044 29921653 -0.123598807940253
19 1128 1291 29921182 35797902 0.0318225517911836
19 1291 1414 35785697 38840178 -0.21470389544612
19 1414 1577 38817471 42137099 0.0769840715265805
19 1577 1713 42132555 45351520 -0.180806702009949
19 1713 1977 45333434 50557969 0.0910242957375819
19 2344 2472 56538948 58599355 -0.199479254936894
2 1 203 38814 16974497 0.0614733897303398
2 203 363 16970034 27367622 -0.000247338901346873
2 363 523 27356246 39437301 0.0631640055296115
2 523 718 39249266 60683244 0.0034207436058867
2 718 878 60682873 70248615 -0.0334881891137551
2 878 1145 70149880 88750929 0.0929326208048141
2 1145 1328 88691673 96857934 -0.0659621133435704
2 1328 1680 96824526 118994660 -0.0344249069280217
2 1680 1840 118942166 130836994 0.0133708492521085
2 1840 2000 130830978 146898218 -0.125265581353584
2 2000 2192 146879909 169115680 -0.040093261182897
2 2192 2352 169115195 178830802 0.00717887399051886
2 2352 2512 178525989 197435079 -0.0690468272420007
2 2512 2678 197388515 207222790 0.0597016690466009
2 3026 3209 232456125 242175634 0.0124914523999863
20 1 90 87250 3663399 0.0244203804404554
20 90 146 3659248 6528459 0.245422023610718
20 146 237 6446723 17599807 0.0118371440210015
20 237 290 17599255 21106514 0.0495796208581656
20 290 364 21085576 24959928 -0.0468195462226294
20 364 437 24949269 32238658 0.0365676929545619
20 437 513 32207880 35147336 0.061524690577195
20 513 597 35115364 38588463 0.211849595388266
20 597 663 38581195 44494603 0.0468419559303165
20 663 813 44475874 50840749 0.096561040264328
20 813 865 50840615 56519449 -0.0308192935577356
20 980 1041 62872250 64313132 0.115431145586806
21 1 49 9068361 14992854 0
21 49 81 14971470 18760320 -0.0498640561544736
21 81 118 18561265 23103074 -0.0158111695629461
21 118 147 23101223 25763333 -0.0427788900377655
21 147 192 25762938 29376339 0.0288864929614947
21 192 222 29370019 30526701 -0.17365372753087
21 222 259 30526546 32197813 -0.110858097136073
21 259 301 32080316 33519108 -0.192442082018511
21 301 355 33518610 36389112 0.0176556404113956
21 355 422 36388878 39730680 -0.0575544345079162
21 422 451 39727755 42108534 -0.0210594824058627
21 451 522 42102134 44490288 0.0480783893671567
21 570 599 45593654 46691226 0.00385351249629674
22 1 87 11124337 17628749 -0.0206480025996309
22 87 139 17592136 19520612 0.0343296852297137
22 139 191 19479457 20964679 0.082914423879912
22 191 243 20957092 22058892 -0.0277731698164369
22 243 295 22058433 22566602 0.0391541712196178
22 295 392 22559343 23898930 -0.0119560143608764
22 392 503 23894426 29057488 -0.0716951252439354
22 503 560 28883572 30546682 0.0539202408476733
22 560 665 30522799 35689373 0.0195850822307248
22 665 773 35685940 38794198 0.218598681394559
22 773 833 38778508 41190188 0.0349918813568576
22 833 887 41189727 42640601 0.126665137325999
22 887 941 42639803 45276085 0.0149423415869995
22 993 1045 49817248 50783663 -0.0203671730944222
3 1 186 11745 14811414 0.01011617469785
3 186 308 14799331 29290726 0.110015510189598
3 308 607 29054570 48467645 0.0621170834820036
3 607 805 48465811 56960854 0.204961037888077
3 805 1038 56940040 87993835 -0.0503586024888025
3 1038 1198 87990696 108855005 0.0552911004359662
3 1198 1379 108822770 122564577 -0.0629563685213424
3 1379 1508 122527924 129335074 0.12748761171856
3 1508 1630 129334586 138115818 0.0717221913581962
3 1630 1772 138061990 149221829 -0.0654833139170304
3 1772 1894 149162410 156706770 0.0601188047326097
3 1894 2176 156673235 183298504 0.0109767312063243
3 2298 2455 190305707 198228376 -0.0111644945623163
4 1 135 49096 5814305 0.0883275598565388
4 135 302 5711201 16183120 -0.00941502551238075
4 302 404 16178939 29963758 0.0931594216344929
4 404 506 29962644 41960803 0.0394155860552043
4 506 608 41935129 53460862 -0.0334688003035669
4 608 718 53377641 65024485 0.0328759936696296
4 718 925 64914281 76959169 -0.0306598983859843
4 925 1028 76958860 86892422 0.0781945278033676
4 1028 1171 86876205 102730721 0.0246048710042374
4 1171 1273 102727274 111648962 -0.0427002789186201
4 1273 1399 111632172 122885805 -0.0905541971939524
4 1399 1501 122879778 137448501 0.0212283228371195
4 1501 1628 137448087 148527139 -0.0597327226953344
4 1628 1798 148526493 164977668 -0.0337708387661328
4 1900 2058 175790307 190082386 0.00616225282232476
5 1 282 58198 24178263 -0.0174360044906779
5 282 397 23951348 35938779 -0.0730110373704156
5 397 659 35904288 61304811 -0.0205380364933265
5 659 774 61201304 70555266 0.0576908736625493
5 774 889 70516387 77087285 -0.0105242846112528
5 889 1004 77072072 85420451 -0.0802019777483454
5 1004 1188 85420028 103120138 -0.0380925309318868
5 1188 1303 103086000 116078570 0.00369376778441502
5 1303 1473 116078110 132490777 -0.0598096805681829
5 1473 1661 132481609 140699305 0.104445444083836
5 1661 1776 140691430 146120412 -0.197823152689903
5 1776 1920 146099406 156739812 0.0746666134295967
5 2158 2318 176388751 181472430 0.146239861526726
6 1 376 95124 28089563 -0.00526520753310317
6 376 518 28080568 30494194 -0.155284045818054
6 518 719 30489509 33298401 0.030056849963431
6 719 852 33289302 39904877 0.159822142075834
6 852 1146 39792298 57968661 0.00967553476667099
6 1146 1260 57967687 74850484 -0.193206848871218
6 1260 1491 74849077 100531052 -0.0404507055311802
6 1491 1624 100530276 112481636 0.0214845325619838
6 1624 1788 112476538 131951372 -0.0824030988585526
6 1788 1996 131948176 148964684 0.0430508226079736
6 2175 2289 160926269 170745977 -0.0674564878219129
7 1 306 70972 23564261 0.0305665282534047
7 306 512 23562459 37013630 -0.0222387855812498
7 512 627 36997796 44541330 -0.0611827310622211
7 627 742 44512535 55433742 0.0529531665054341
7 742 895 55365448 64030105 -0.00919858130255808
7 895 1022 64024409 72723089 -0.125291245056609
7 1022 1203 72722885 88202889 -0.0355357848987325
7 1203 1472 87934143 102671641 0.0985418742288778
7 1472 1706 102637049 125160547 -0.0369527189173604
7 1706 1821 125159974 131662624 -0.114766200595885
7 1821 1958 131661952 141788640 -0.00426817498296715
7 2168 2307 150368189 159233377 0.0468936313210689
8 1 181 64091 10847594 -0.0269366221343521
8 181 302 10839964 17822183 -0.0783189568284799
8 302 396 17808361 23262000 0.0391314290119348
8 396 507 23243637 30144665 0.138873075927295
8 507 634 30131671 38988663 -0.0120749551561606
8 634 869 38974228 57934329 0.0342243300575738
8 869 1099 57888975 78609705 -0.0916639606889607
8 1099 1231 78605952 89823802 -0.130518960955087
8 1231 1325 89823548 96127801 0.0213436230722826
8 1325 1419 96126967 102238961 0.101319593516095
8 1419 1522 102204502 111179872 -0.0597458095712713
8 1522 1616 111179193 124120061 -0.0126306399816864
8 1616 1710 123851987 133755450 0.0417919526203431
8 1805 1899 143290399 145066685 0.120940400357411
9 1 86 12134 5776557 -0.000879755889521281
9 86 176 5629025 16476237 -0.0558109097751124
9 176 262 16473188 22748234 0.0325829388935967
9 262 349 22747700 33574588 -0.0457514121530331
9 349 435 33574361 35732195 0.0477687785045843
9 435 525 35696948 39632416 0.0860944930618076
9 525 611 39631046 63385117 -0.20442197558945
9 611 697 63299453 71911193 -0.144289768053018
9 697 818 71862452 84604425 0.0502668593039348
9 818 973 84604111 94904754 -0.0120998276898635
9 973 1059 94900429 99230615 -0.0373337715491854
9 1059 1172 99222064 109167295 0.0706551161580631
9 1172 1294 109130293 120854385 0.0192502536134299
9 1294 1416 120824828 127731590 0.0571488941629059
9 1416 1502 127716079 129718635 0.243833788823567
9 1610 1733 135447446 138286430 0.0784470820083265
X 1 118 253743 14731812 0.0198807955687913
X 118 232 14529298 25893544 -0.0150334837582763
X 232 336 25878339 38327544 -0.0506951435205715
X 336 447 38269163 47229997 -0.116012014974247
X 447 553 47217860 49608536 0.0405082755109183
X 553 694 49599025 57489196 -0.0179288683167756
X 694 908 57286706 77457278 -0.120242382488634
X 908 998 77447389 91434999 -0.0579173485989396
X 998 1114 91414878 102786604 -0.114740320801319
X 1114 1217 102785667 109853919 -0.153929823684644
X 1217 1312 109853312 119565409 -0.064608862087981
X 1312 1470 119538149 132669888 0.0727332102147224
X 1714 1804 153479266 156027877 0.19065541917955
