1 1 294 11869 11099869 0.0302660807572656
1 294 752 11066618 28595443 0.0825610641199776
1 752 975 28592200 39788865 0.177724485479243
1 975 1199 39757182 48091736 0.0550545830189026
1 1199 1858 48050659 100332617 -0.038344181450666
1 1858 2133 100331804 116433368 0.0147914914704426
1 2133 2342 116429049 150629612 -0.134340152435965
1 2342 2675 150600851 158149810 0.0871465472691914
1 2675 3398 158131983 202958572 -0.0335275822073615
1 3398 3744 202940826 225465400 0.0219760391876226
1 3963 4181 236795292 248937043 -0.0499549536429914
10 1 106 44712 7749520 -0.00953044528309255
10 106 199 7703316 15168693 0.0667585542184214
10 199 340 15102584 28682932 -0.0673919115963631
10 340 447 28677510 37791937 -0.00622351378035586
10 447 537 37791580 44955725 -0.0643719250809552
10 537 636 44937508 50660472 -0.181991427184006
10 636 783 50655967 69161906 -0.025067077106823
10 783 884 69161530 73698159 0.0527306104513728
10 884 1032 73674285 84140582 -0.121677448050961
10 1032 1118 84138420 89309271 -0.0506696645518492
10 1118 1265 89283694 97633500 0.0319592767081952
10 1265 1396 97614553 103450852 0.167259489771048
10 1396 1513 103450196 116672750 0.00812462705016908
10 1599 1730 123008979 133778699 0.0566496274430509
11 1 135 75780 2991344 0.0503205664071101
11 135 389 2989863 9138114 -0.0493449697284568
11 389 524 9019498 18197337 0.0947048391572519
11 524 681 18196657 32458769 -0.00238753017742745
11 681 932 32435518 49111220 0.0926147794951932
11 932 1067 49110756 56543281 -0.0597025009527265
11 1067 1276 56542262 61797238 0.00548551022854911
11 1276 1456 61792911 65466720 0.19532334747668
11 1456 1621 65455258 69013382 0.267319019086549
11 1621 1842 69004395 77103331 0.0413678526544665
11 1842 2007 77102840 89900449 -0.0656722356585709
11 2007 2225 89895799 109429167 0.0438477873208616
11 2225 2360 109422190 116837622 -0.0526316500112515
11 2495 2707 122882683 135075908 -0.0271507661494386
12 1 116 12310 6160719 -0.0318753005357465
12 116 230 6155035 8478330 0.0793529434190062
12 230 386 8455962 12984645 -0.206110914324615
12 386 591 12927726 29381189 0.0510104784700941
12 591 705 29337352 42070625 -0.0623907923284865
12 705 819 42069935 48682238 0.0234685324085852
12 819 947 48653211 52279156 0.110718712675769
12 947 1134 52274647 55973317 -0.00676807466477732
12 1134 1248 55954105 58920504 0.222061329516478
12 1248 1527 58872149 80770717 0.000223354280181129
12 1527 1641 80763151 93571768 -0.0593271406947675
12 1641 1810 93542022 106684707 -0.00452430319277342
12 1810 1952 106678583 114105931 0.196236164145498
12 1952 2066 114104542 121016502 0.134658962915742
12 2180 2295 126729787 133235877 -0.0385506897679184
13 1 66 18467172 20923233 -0.0150253235984506
13 66 122 20921664 24254439 0.00602976791239181
13 122 175 24252749 27374366 -0.0518878698890684
13 175 330 27373348 41171148 0.0141733967313701
13 330 406 41170700 46277366 0.0509272545508745
13 406 481 46211940 51813832 0.0293180894101662
13 481 529 51803838 59263391 -0.0307292809296994
13 529 576 59262680 68655050 0.0118279347384766
13 576 626 68654572 76886405 -0.0124133524414956
13 626 688 76880175 86170890 0.0528729457291343
13 688 761 86060813 97187578 -0.0172282673012001
13 761 811 97168751 100589528 0.0721576623496614
13 869 944 110053285 114333948 0.134791396676803
14 1 87 18333726 20455089 -0.00388052413595393
14 87 198 20446401 22096619 0.0464482464339661
14 198 293 22096032 22589224 0.000771842172406599
14 293 460 22564907 31457441 0.0696407260241339
14 460 547 31334312 37579125 0.110811041905794
14 547 655 37564047 49786385 -0.0552162592396959
14 655 812 49768130 59184247 0.0670229772549914
14 812 908 58646631 64601644 -0.111628560366075
14 908 999 64600243 70459905 0.10784921944411
14 999 1086 70452174 74616647 -0.00331561674961709
14 1086 1214 74614693 83915377 0.115907033829359
14 1214 1310 83903437 92688994 0.00493105433971226
14 1310 1400 92513781 96931722 0.0946700750217503
14 1400 1489 96797382 102305190 -0.0234899359978827
14 1628 1758 105895634 106879812 -0.0283277276388141
15 1 78 19878555 23341848 -0.0236825775829748
15 78 184 23337985 30288389 -0.0535929494791775
15 184 261 30282533 34437466 -0.269015273911563
15 261 353 34379068 40340967 -0.0478855089383326
15 353 429 40331452 42412317 0.00507066101743672
15 429 509 42348103 45165576 0.219259906699239
15 509 590 45129933 50765709 -0.0296184745073249
15 590 666 50702266 56193262 0.0796724330792206
15 666 742 56192353 60404960 -0.0686897061234198
15 742 888 60404463 68750691 0.0817428947230638
15 888 974 68749501 73483943 -0.0563756087208618
15 974 1064 73483196 76229121 0.0105014218406231
15 1064 1140 76059958 79897379 -0.0586356400896034
15 1140 1216 79833585 84126604 0.0164220641679436
15 1216 1331 84080168 90102477 -0.0494620753100948
15 1407 1533 93416850 101979093 -0.0898275263373436
16 1 173 11555 2340746 0.0824988255671406
16 173 288 2275881 4383538 -0.0041577342547537
16 288 384 4371848 10841544 0.0937850862849344
16 384 480 10840384 15610563 -0.0435362441270816
16 480 687 15608474 27364778 0.0342352395595013
16 687 783 27313668 29992261 -0.0798650812322474
16 783 881 29973868 31217135 0.102444991274509
16 881 977 31215962 33060098 -0.0217131271771497
16 977 1091 33059936 46844618 -0.122930774752699
16 1091 1187 46842632 52085109 0.0188019011297737
16 1187 1283 52083064 57240469 -0.0424159252549232
16 1283 1379 57186137 66493529 0.0853222128794431
16 1379 1507 66427295 69322700 0.00987460890375966
16 1507 1604 69299682 73014476 0.179027760476476
16 1767 1932 84459259 90222851 0.0583984340293057
17 1 224 142789 6954107 0.0690907717907241
17 224 363 6853861 9729687 0.0286454645420409
17 363 477 9644698 16353656 -0.0874916713954917
17 477 591 16342534 18861466 0.00924593034689571
17 591 705 18859354 21260501 -0.181674294234477
17 705 902 21259968 30565576 0.013559243591212
17 902 1056 30564057 35578863 -0.079438738575252
17 1056 1224 35574795 42050601 0.0197599837511894
17 1224 1341 42038232 44561262 0.124103915646827
17 1341 1455 44557484 47981736 -0.116855187605504
17 1455 1596 47945424 51171744 0.00637121210059156
17 1596 1739 51165435 60851745 0.0771339432886536
17 1739 2009 60851382 75182959 -0.017453403840876
17 2129 2290 78674048 83240804 0.174554008578368
18 1 56 11103 2946890 -0.00133772026652427
18 56 105 2945550 6108382 -0.0451251346008957
18 105 186 5895745 11523087 0.0127489963755841
18 186 230 11486205 12451042 -0.028205422705565
18 230 274 12450447 14361943 0.0123883582670004
18 274 322 14361434 22228029 -0.0844854993847364
18 322 373 22213778 26391685 0.0283271484283216
18 373 417 26226445 31685836 -0.0223702448275169
18 417 461 31622247 35384025 -0.124162748276396
18 461 505 35383354 45068510 0.0832162526663073
18 505 549 44680173 48834770 -0.0283226357457254
18 549 597 48826051 52339025 0.0355088215826855
18 597 642 52336361 57586702 -0.0525842342472865
18 642 688 57544377 60014258 -0.0171109821688361
18 688 781 60010281 69471736 -0.116697926457827
18 825 895 74597870 80202992 0.0291850105147955
19 1 123 99175 2427586 0.0822069846685352
19 123 294 2425625 6563848 0.131078750139156
19 294 420 6562123 9435571 0.0128187407705401
19 420 543 9412461 12052967 0.137091534930452
19 543 689 12017888 15022990 0.0232647674377422
19 689 812 14950034 17460926 -0.0319662561090444
19 812 935 17455425 20250295 0.0416000669540805
19 935 1123 20249052 29617237 -0.118975526413544
19 1123 1248 29606283 35279821 0.0208806690366171
19 1248 1419 35268962 38873763 -0.161784813709363
19 1419 1546 38870159 41444765 0.0900808360509507
19 1546 1669 41443156 44297355 -0.0265173074489285
19 1669 1853 44297104 48673081 0.0423883410699689
19 1853 2001 48661407 50984099 -0.00255185660399965
19 2001 2124 50976468 52962823 -0.106283862157482
19 2330 2472 56342432 58599355 -0.058318339452574
2 1 300 38814 25209202 -0.00998568144485656
2 300 532 25204313 41157555 0.0987992023945725
2 532 947 41143780 73986343 0.00134247463507737
2 947 1124 73985132 87636740 0.0588350311608085
2 1124 1284 87454781 95496531 -0.0540845897869814
2 1284 1444 95496022 104396280 0.0381378251873363
2 1444 1680 104395002 118994660 -0.111216817102536
2 1680 1867 118942166 131444587 0.0427315811949393
2 1867 2061 131442644 154457438 -0.0350228683616158
2 2061 2221 154435853 170818037 -0.0756305204881833
2 2221 2381 170814686 181693415 0.0492208899929772
2 2381 2548 181690380 200827338 -0.0677311520859751
2 2548 2708 200810594 208269957 0.0389646568749992
2 3046 3209 233351132 242175634 0.0504550442717817
20 1 78 87250 3150867 0.0179629467614286
20 78 167 3106913 10007116 0.11363846517029
20 167 224 9986088 16573448 -0.119438648566059
20 224 276 16272104 19823943 0.0448516294447997
20 276 328 19823443 23190419 0.0860998641940227
20 328 385 23179272 25919681 0.00715272995234766
20 385 437 25919499 32238658 -0.0834653058862349
20 437 508 32207880 34872856 0.0536044228911468
20 508 564 34844720 36894235 0.147812938401179
20 564 621 36876121 41197157 0.201199394308263
20 621 676 41196691 45080021 0.0727163039571186
20 676 728 44966479 45948023 -0.011320056899649
20 728 780 45934683 49244077 0.0754611349989572
20 780 832 49219295 52511568 0.185667536329997
20 832 885 52511252 57409333 0.0819535154357391
20 944 1041 62122461 64313132 0.0829346471113312
21 1 49 9068361 14992854 0
21 49 152 14971470 26350634 -0.0254252755745378
21 152 196 26349780 29657831 -0.0479284326355946
21 196 256 29657406 31840858 -0.0744760547942966
21 256 301 31840341 33519108 -0.119575223286899
21 301 354 33518610 36419015 0.0862434420978267
21 354 383 36385392 38156511 -0.0241076335634587
21 383 412 38121451 39377066 -0.0702204154832182
21 412 441 39373763 41717975 -0.185267725257422
21 441 470 41715806 42913304 -0.0907494042980077
21 470 500 42879644 44131181 0.0228673161098485
21 546 599 44849585 46691226 -0.00382667597515504
22 1 52 11124337 16829335 -0.00541636535662268
22 52 148 16827474 19854896 -0.10675988571054
22 148 200 19846138 21044117 0.0160370450539659
22 200 252 21031354 22157631 -0.0802374434050863
22 252 389 22157382 23886309 -0.0370641245042906
22 389 441 23856703 25320080 -0.179944649940296
22 441 503 25318256 29057488 -0.0896924327790762
22 503 556 28883572 30472017 0.0583824393693131
22 556 608 30447959 32133469 -0.0174974479286916
22 608 672 32121977 36173948 0.116690047138737
22 672 724 36172934 37666932 0.156864946223328
22 724 780 37658723 39020352 0.228562797941703
22 780 879 39014257 42432403 0.136350783465411
22 879 941 42380407 45276085 -0.0228021351621339
22 993 1045 49817248 50783663 0.144866928111046
3 1 122 11745 11039247 0.028346199114038
3 122 244 10992186 20390562 0.0902089481127628
3 244 366 20388249 34677247 0.004559180170192
3 366 491 33956972 42936785 0.0705241316599799
3 491 613 42934252 48621769 0.0291322589203641
3 613 807 48620759 57080101 0.214686031697117
3 807 967 57078943 75085237 0.00938016270383646
3 967 1108 75084155 98732757 -0.0856085847846254
3 1108 1268 98706236 113741254 0.0242494756915041
3 1268 1530 113740823 130094304 0.0535766395794149
3 1530 1675 130089433 140902651 -0.0432802223200667
3 1675 1895 140902194 156714928 0.0177095064778706
3 1895 2070 156713884 172831229 -0.0362425490868841
3 2287 2455 188562238 198228376 -0.016326604609477
4 1 174 49096 8454942 0.0648169927009098
4 174 383 8453410 26756223 -0.0318569698921095
4 383 527 26576437 44022063 0.0561107527450758
4 527 629 44016700 54740715 -0.10542611242658
4 629 731 54657918 67468251 0.0113536823608895
4 731 833 67417305 70808619 -0.0494526176345803
4 833 938 70704204 77958780 0.0604410844173287
4 938 1074 77958000 89954629 0.00663171732859732
4 1074 1206 89879532 105708093 -0.0231653077345763
4 1206 1308 105552620 113217170 -0.0566055146811431
4 1308 1854 113214046 170743718 0.0239741100583759
4 1956 2058 183639635 190082386 0.0596278352815512
5 1 123 58198 7749766 -0.0109400713488527
5 123 250 7707802 18887095 -0.070916030397941
5 250 365 18886622 33468091 -0.121741102753529
5 365 531 33440696 50663266 -0.0493787448796854
5 531 823 50662859 73453395 0.0216340643268492
5 823 957 73451498 80960907 0.0527537229712174
5 957 1202 80947694 106544330 -0.0647743077829265
5 1202 1474 106543066 132556838 0.0129946849777785
5 1474 1670 132541445 141012347 0.107478029668164
5 1670 1810 140827958 148308258 -0.195445350586418
5 1810 1925 148307298 157142869 0.117784695773954
5 1925 2044 157085832 169037998 0.0259355086129677
5 2159 2318 176392455 181472430 0.0351595638611334
6 1 188 95124 12297194 -0.0322262422725076
6 188 302 12290361 25056664 0.104420228702658
6 302 520 25041839 30557174 -0.0453625325218012
6 520 634 30541377 31897687 0.0525442229234129
6 634 794 31879759 36111236 0.146455789809638
6 794 908 36027677 42500022 0.0703376295416865
6 908 1022 42499710 49078051 0.15209787385718
6 1022 1145 49077712 58438364 0.000526338486542745
6 1145 1259 57961438 74652002 -0.10873738913152
6 1259 1415 74642384 89567044 0.00973536355699042
6 1415 1619 89560875 112326749 0.0634637018284459
6 1619 1733 112325753 126348875 -0.0561713106091432
6 1733 1893 126340115 138403560 0.0165632009364883
6 1893 2024 138402585 149923121 0.091351361915577
6 2150 2289 159586955 170745977 0.00545310203686929
7 1 160 70972 8094272 0.0714176356274489
7 160 275 7968796 21221428 -0.0301471736907252
7 275 390 21220213 28615888 0.0650729257200452
7 390 516 28615097 37833788 -0.0644488629893496
7 516 680 37683796 47819847 0.0742690189201791
7 680 886 47795291 63910453 -0.0114889519979432
7 886 1085 63908966 75836141 -0.0563380016134705
7 1085 1240 75835663 91880702 -0.00511609709692409
7 1240 1388 91692008 100322196 0.118156387770864
7 1388 1681 100307702 123230741 0.035984078758804
7 1681 1865 123230120 135660647 -0.0575450217993869
7 1865 1980 135660039 142313666 0.0668793533553977
7 2147 2307 149431363 159233377 0.0191226603547247
8 1 188 64091 11175570 -0.055021066975035
8 188 298 11175051 17644071 -0.144636701705416
8 298 392 17576433 23225102 0.124193434299901
8 392 536 23190452 31498612 0.0740574140949129
8 536 630 31497423 38802296 -0.0410152475688628
8 630 749 38799643 47512141 0.0856322092027242
8 749 849 47511034 56395365 0.00592944192668919
8 849 1014 56373064 70506818 -0.040691185286259
8 1014 1108 70506251 79666158 0.0122828762403614
8 1108 1202 79611117 86321146 -0.125090495423668
8 1202 1319 86214063 95269201 -0.073118379822054
8 1319 1465 95244913 104566429 0.0746819987770132
8 1465 1569 104566086 120445402 -0.0942370996013181
8 1569 1692 120380761 132111159 0.0695422679386077
8 1805 1899 143290399 145066685 0.205787431358402
9 1 117 12134 7786688 -0.0978575980582705
9 117 261 7786105 22824213 0.0128949077747478
9 261 347 22646200 33514773 -0.207813858330072
9 347 433 33512959 35681159 -0.0444621460074
9 433 519 35673918 39361962 0.0980598593906335
9 519 617 39355669 63744910 -0.25688776104441
9 617 741 63728877 76549771 -0.123245553136194
9 741 858 76549282 87888903 0.0140051890889121
9 858 944 87882877 93095546 -0.0426721018937107
9 944 1030 93091460 97517836 0.0428120217595997
9 1030 1116 97512706 104570130 0.12020733305015
9 1116 1217 104569168 112962261 0.0776169714952819
9 1217 1303 112959134 121285530 -0.0379911987340128
9 1303 1467 121280768 128810430 0.130464242667793
9 1599 1733 134641803 138286430 0.0717664834781576
X 1 263 253743 28586395 0.0269041573039222
X 263 407 28571532 44741964 -0.0260750183116009
X 407 512 44741087 48691427 -0.12432400150763
X 512 627 48676596 53143913 -0.0279789461423483
X 627 717 53142832 64395452 0.0324715684407943
X 717 820 64268081 71718151 -0.0849567430309672
X 820 960 71714371 85093316 -0.0330627594350193
X 960 1050 85003877 100675788 -0.20192534944087
X 1050 1228 100644195 111231061 -0.0663874527297355
X 1228 1318 111229889 119852998 -0.197714178802928
X 1318 1476 119805311 133985594 0.0257569218157158
X 1714 1804 153479266 156027877 0.210609068279807
