1 1 209 11869 6730012 -0.0308035979912512
1 209 498 6724637 19912945 0.0340508830441637
1 498 763 19882395 29230942 0.0781389257653111
1 763 972 29192657 39691485 0.161855622704404
1 972 1181 39678648 47165920 0.0436168754794777
1 1181 1447 47164510 64693058 -0.0365452835242865
1 1447 1715 64470129 89790492 0.0288335567316364
1 1715 1924 89788914 108201491 -0.0261054145134214
1 1924 2133 108199926 116433368 0.0449138961553296
1 2133 2342 116429049 150629612 -0.0722420831146936
1 2342 2647 150600851 156881850 0.117486681151526
1 2647 2856 156815640 163213023 -0.0680135123229432
1 2856 3245 163161675 190362270 0.0431254914967732
1 3245 3496 190264898 206774541 0.0134231882279968
1 3496 3728 206767602 224175706 -0.0614862498611403
1 3937 4181 235538052 248937043 -0.0923653729100213
10 1 143 44712 11612227 0.0198935727793684
10 143 231 11611305 18545651 0.0847602410085725
10 231 335 18513115 28495813 -0.0334139080368066
10 335 421 28433008 35230598 0.107579276126343
10 421 545 35219894 45073541 -0.0199448257549886
10 545 631 45073146 50266815 -0.265300258753753
10 631 820 50264978 70602759 0.00588119259409903
10 820 941 70597348 76438775 0.151582324208243
10 941 1036 76437408 84225544 -0.0153138659342293
10 1036 1173 84220571 93059493 0.0767145176036225
10 1173 1266 92826831 97676434 0.00804453003100994
10 1266 1416 97640686 104353575 0.142143492288155
10 1555 1730 119562101 133778699 0.131441195001248
11 1 246 75780 5301946 -0.00785736851387471
11 246 385 5301014 8965011 -0.2095888927937
11 385 548 8947202 18726230 0.0834048262780351
11 548 703 18704312 33775670 -0.111270552126713
11 703 931 33774699 49101168 0.114829421314616
11 931 1097 49098163 57327958 -0.035540588098349
11 1097 1272 57325603 61747001 0.00544164486170446
11 1272 1407 61680391 64602353 0.227788115731025
11 1407 1650 64590641 70279297 0.153917406651419
11 1650 1851 70278921 77718411 0.0188014371415015
11 1851 2055 77717712 93610333 -0.0811253620449808
11 2055 2238 93609760 110788976 0.0203419416205491
11 2238 2373 110788026 117316259 -0.0627799381696431
11 2552 2707 124538500 135075908 -0.0615822447615276
12 1 114 12310 5584085 -0.0176167599244477
12 114 228 5583797 8428610 0.0839711384494562
12 228 376 8427640 12685075 -0.18271434025438
12 376 492 12668982 21766705 -0.134124391891829
12 492 606 21759980 30996602 0.0736328689319706
12 606 749 30926428 45727775 -0.0198668814935998
12 749 953 45718046 52402407 0.0463060826659892
12 953 1146 52380460 56113905 -0.000727758261973053
12 1146 1260 56104614 61232937 0.169530272373836
12 1260 1388 61231159 68971570 -0.0199411714028417
12 1388 1502 68842197 78483030 0.0172800593606244
12 1502 1682 78352519 96011489 -0.0759187825578792
12 1682 1796 95996521 105396097 0.0777749561084741
12 1796 1953 105235290 114241770 0.278071650227275
12 1953 2067 114238970 121039242 0.102071753431515
12 2181 2295 126864465 133235877 0.0405349547551623
13 1 49 18467172 19863649 0
13 49 171 19823482 27182998 -0.113987816753664
13 171 218 27172259 30377145 0.0749110654225978
13 218 265 30340267 34574666 -0.0242035697113022
13 265 312 34574204 39603528 -0.134738157036961
13 312 374 39209116 44405984 0.0355057138417318
13 374 433 44400250 48320475 0.0762395326404755
13 433 504 48316863 52848641 0.00117880994012627
13 504 625 52842889 76014501 -0.0566409737506734
13 625 674 76013023 81273170 0.0563442552481192
13 674 735 81272891 94596242 -0.0671870728886485
13 735 811 94574054 100589528 0.0631576858192104
13 871 944 110305812 114333948 0.103793480648651
14 1 87 18333726 20455089 -0.00178677974516166
14 87 194 20446401 22041153 0.0611481393957743
14 194 302 22040594 22835037 0.00398463314606513
14 302 419 22829879 28265974 0.158219121398517
14 419 546 28264390 37567095 0.0601642070377028
14 546 654 37556158 49708792 -0.15623332848838
14 654 744 49707667 55005687 0.0787137595375918
14 744 859 55004813 61570653 0.123123644732459
14 859 976 61556273 69214092 -0.0159238607147522
14 976 1082 69183017 74483435 0.0525641913225186
14 1082 1169 74482985 77761207 0.157304472319472
14 1169 1276 77717599 90405235 -0.0354351146058568
14 1276 1363 90402523 95319908 0.0960373642271297
14 1363 1499 95181940 102933596 -0.0506781352845787
14 1586 1758 105472962 106879812 -0.0132542682294988
15 1 174 19878555 30073064 -0.0480599472166397
15 174 265 30052942 34495900 -0.221611700838006
15 265 353 34494420 40340967 -0.0834000324626789
15 353 429 40331452 42412317 -0.017079634296962
15 429 510 42348103 45167526 0.165349476547234
15 510 586 45152664 50467096 -0.0240202674722987
15 586 662 50466738 55993746 0.0635594223868178
15 662 782 55826922 63158021 -0.0139965250496293
15 782 879 63125872 68198603 0.137134716794357
15 879 981 68054309 73928248 -0.00318352609067093
15 981 1067 73908071 76230390 0.0764661840446171
15 1067 1143 76230048 79923702 0.0290311629501755
15 1143 1328 79898840 89937005 -0.0576437884276553
15 1408 1533 93430659 101979093 -0.0977779205037413
16 1 168 11555 2238711 0.0517707868270402
16 168 290 2235816 4495763 -0.0858113735934811
16 290 386 4461680 10943021 0.108884128583962
16 386 490 10866222 16095209 -0.0270028708720097
16 490 665 16094192 25149032 0.137537271785148
16 665 779 25140577 29919864 -0.105991236921281
16 779 885 29900375 31426505 0.0626872681353339
16 885 981 31393335 33143797 -0.0525959731205776
16 981 1078 33140850 46569097 -0.116976041616589
16 1078 1217 46469341 54270879 -0.0730999914392528
16 1217 1355 54245544 63181071 0.050498404008583
16 1355 1451 63180610 67832148 -0.0487875609807769
16 1451 1598 67806765 72278568 0.086490472039484
16 1767 1932 84459259 90222851 -0.00049849257548085
17 1 114 142789 3619913 0.106084410292355
17 114 358 3619256 9548541 0.0214387661265995
17 358 477 9547298 16353656 -0.132377860323283
17 477 597 16342534 19047011 0.0608188878067021
17 597 711 19020656 21458989 -0.131829966483897
17 711 825 21457434 28711854 0.000999103946444287
17 825 939 28703197 31575659 0.0598242213269233
17 939 1060 31571142 38855670 -0.0873356454921676
17 1060 1235 38855314 42272683 -0.0221731348974614
17 1235 1349 42270517 44720597 0.129283097344128
17 1349 1481 44719760 48615292 0.0740448860914895
17 1481 1595 48611377 51171744 -0.0653779757159016
17 1595 1793 51153590 63594279 0.0222774834702765
17 1793 1957 63550477 73663848 0.10331006312182
17 2128 2290 78605233 83240804 0.169323218263667
18 1 49 11103 2594913 0
18 49 150 2593674 9538114 -0.0354087518464891
18 150 205 9475009 11994938 0.12457899488876
18 205 283 11993988 14632806 -0.0455569055644453
18 283 335 14629832 23486603 -0.0979703514189718
18 335 386 23453287 26952558 0.0580750133778728
18 386 468 26952201 35842617 -0.0897834929972832
18 468 512 35841759 45647937 0.0778636767626776
18 512 556 45646153 49447420 -0.0321230222547081
18 556 600 49431744 53629990 0.0568253746087019
18 600 654 53568439 58417628 0.00588720468700444
18 654 698 58416765 60654623 0.078279451577339
18 698 759 60611773 67899619 -0.0106317805495123
18 825 895 74597870 80202992 -0.00284444155725294
19 1 241 99175 5456856 0.130643145011042
19 241 415 5455417 9294482 0.0579846657234543
19 415 538 9291515 11979290 0.120670916465888
19 538 693 11925075 15114985 -0.0735899563825057
19 693 927 15107401 20321305 0.0114026986083473
19 927 1124 20122569 29675477 -0.115980854024353
19 1124 1247 29665459 35264804 -0.016452652083821
19 1247 1427 35262846 38975742 -0.0876634754281676
19 1427 1550 38941401 41532174 0.122505464431324
19 1550 1673 41531206 44448452 -0.14246562861457
19 1673 1796 44392439 47347329 0.0440168742795098
19 1796 1984 47332175 50793142 0.0781213820556401
19 1984 2107 50776141 52564464 -0.151748919932704
19 2230 2472 54647944 58599355 -0.0525048556774262
2 1 212 38814 18548204 0.0386242592592168
2 212 468 18547386 36513732 0.0116095544996503
2 468 634 36513255 48776517 0.131697111185436
2 634 860 48529925 69252364 -0.0120044985518039
2 860 1020 69251818 78599406 0.0904571450842102
2 1020 1321 78597911 96552634 -0.0219906232994269
2 1321 1502 96536743 107826891 0.0471127572912482
2 1502 1682 107823063 119158751 -0.0175738920779871
2 1682 1865 119156243 131410050 0.0366449374454275
2 1865 2086 131402778 158136154 -0.0226280246233604
2 2086 2249 157876702 173268015 -0.149220003239661
2 2249 2432 173075435 189311967 -0.00705174919758365
2 2432 2597 189311263 202231849 0.1025101470879
2 2906 3209 222298147 242175634 -0.00524359277610068
20 1 97 87250 3806121 0.00218203281508741
20 97 171 3786772 10186740 0.1942121497066
20 171 237 10172701 17599807 -0.0901917010973573
20 237 290 17599255 21106514 0.0659343880532714
20 290 384 21085576 25836832 0.00984667536926147
20 384 436 25835985 32207743 -0.0641089993937963
20 436 509 32192504 34927962 0.0710554419668962
20 509 561 34872146 36746090 0.187701306092403
20 561 635 36651766 42971492 0.148296793987507
20 635 710 42968743 45705019 0.0678274858598525
20 710 762 45684653 47656877 -0.0650813170160334
20 762 830 47501887 52455619 0.136728897954503
20 830 897 52451464 58309451 0.000888419737895257
20 965 1041 62633681 64313132 0.0775710822089881
21 1 49 9068361 14992854 0
21 49 90 14971470 19594108 -0.0422571140830379
21 90 160 19593841 27143949 -0.00867305792283431
21 160 195 27143344 29940033 -0.103306835571842
21 195 238 29536933 30755428 -0.154061127274091
21 238 267 30755015 32612865 -0.052580299501101
21 267 304 32402511 33931607 -0.139715056909541
21 304 352 33584687 36386148 0.0334990597217098
21 352 408 36320189 39236020 -0.0826442358514935
21 408 437 39235386 41562958 -0.159605661830859
21 437 468 41559125 42836477 -0.102843529095121
21 468 498 42831040 44106552 0.0281536368333597
21 498 541 44012309 44698044 0.0979567984241671
21 570 599 45593654 46691226 0.0782252617271647
22 1 99 11124337 18081675 -0.0170606635498454
22 99 151 18081466 19969975 -0.123103974770969
22 151 203 19941733 21070097 -0.0249206800658835
22 203 266 21065462 22294794 -0.0764528595149061
22 266 318 22293733 22721145 -0.103067863699509
22 318 372 22720623 23580302 -0.0166137723000175
22 372 424 23573125 24599398 -0.112002183863808
22 424 494 24598054 28008581 -0.0156427614437837
22 494 547 27919376 30378658 0.100362314721237
22 547 599 30356635 31908033 -0.00737230285122535
22 599 667 31753867 35729483 0.0291349218699218
22 667 719 35717872 37569405 0.200431878740894
22 719 873 37560480 42139927 0.155421787778606
22 993 1045 49817248 50783663 0.0853673430105392
3 1 122 11745 11039247 0.0423684453562388
3 122 244 10992186 20390562 0.122798231155374
3 244 611 20388249 48595267 0.0492604263883462
3 611 806 48564073 57075432 0.21229802660453
3 806 973 57060664 75391810 0.00919995787157906
3 973 1114 75384059 99216266 -0.0830100089018019
3 1114 1236 99215224 112135359 0.0449505513352233
3 1236 1377 112133423 122417012 -0.0730946019125799
3 1377 1499 122416882 129161063 0.0861586536010551
3 1499 1641 129127415 138834928 0.0480817575640245
3 1641 2046 138652698 170741365 -0.0532383743387772
3 2257 2455 186772589 198228376 -0.0138431243336255
4 1 132 49096 5500994 0.0460882413173128
4 132 255 5051480 11372892 -0.0482617241584995
4 255 357 11371975 24800842 -0.0901656710277179
4 357 516 24789912 42562425 0.00118925929259415
4 516 621 42561457 54087783 -0.110121430105147
4 621 723 54086926 65574328 0.0162324514159473
4 723 825 65573459 70410195 -0.0341236831961054
4 825 927 70397931 77083126 -0.0785465031587706
4 927 1044 77082403 87733956 0.078631433807075
4 1044 1213 87568035 105932722 -4.21615780737823e-05
4 1213 1315 105927060 114714920 -0.0636359421202463
4 1315 1465 114713579 132028434 0.0191890060802537
4 1465 1623 132027175 147684163 -0.0316385162671683
4 1623 1777 147637785 163344832 0.0471739706971581
4 1889 2058 174636920 190082386 -0.124657895429346
5 1 235 58198 17602134 -0.0678107256596079
5 235 350 17601882 32312987 -0.115687551894934
5 350 491 32226994 43043170 0.0392376950013813
5 491 704 43039081 66082549 -0.0296509828697656
5 704 819 65926475 73338533 0.113788973681403
5 819 957 73337906 80960907 0.0328817814415189
5 957 1195 80947694 103562790 -0.0587636689411689
5 1195 1483 103548855 132816786 0.0597728093982678
5 1483 1614 132813302 139369717 0.0260181093005031
5 1614 1729 139364677 141626481 -0.0324659224203337
5 1729 1923 141618414 156924710 0.122297285962342
5 2074 2318 171861549 181472430 0.061806205498502
6 1 128 95124 7541338 -0.0574440910459822
6 128 242 7540451 18122677 -0.0208898419420497
6 242 369 18120440 28012355 0.036937556336085
6 369 526 28010723 30633956 -0.0770074001790193
6 526 717 30633632 33284832 0.0490022239664325
6 717 862 33277123 40502393 0.141559958106313
6 862 1022 40501631 49078051 0.0600899824791582
6 1022 1172 49077712 63798031 -0.00830937043016767
6 1172 1286 63797189 79068138 -0.124504815738686
6 1286 1541 79067692 108159392 0.0178313828690829
6 1541 1833 108123457 134393900 0.0494126430258302
6 2091 2289 154576309 170745977 0.00781490231024475
7 1 154 70972 7968020 0.122267452919951
7 154 269 7640711 20777038 -0.104631993069208
7 269 384 20615207 27740395 0.00908970706625693
7 384 499 27733064 36305904 -0.0623859309378315
7 499 683 36305631 48029119 0.061521882240233
7 683 798 47987148 57061301 -0.084673695818468
7 798 913 57060590 64220508 -0.0380307590126143
7 913 1057 64207090 73865890 -0.0811684427699699
7 1057 1172 73861159 83425002 0.0353786999503303
7 1172 1310 83424880 97870289 0.124136431004122
7 1310 1568 97870167 109999624 0.0668913135100497
7 1568 1737 109998434 128493859 0.0071429426279168
7 1737 1853 128455840 135147963 -0.0562072699965013
7 1853 1975 134986508 142272235 0.0780754453933552
7 2185 2307 150746893 159233377 -0.0703578565347231
8 1 177 64091 10730511 -0.0402444528508299
8 177 279 10723768 15689562 -0.115362685252685
8 279 396 15688914 23262000 0.0385539219027979
8 396 504 23243637 30083467 0.101263292655732
8 504 611 30082758 38176730 -0.0574325817054316
8 611 760 38163335 48518157 0.0969584871482535
8 760 909 48515852 61714640 -0.0284903507148832
8 909 1028 61500556 72202269 -0.0627940445583506
8 1028 1122 72196334 80539135 -0.150103275342453
8 1122 1238 80535006 90606065 -0.109458597003391
8 1238 1339 90592804 97625079 -0.0405228736028208
8 1339 1441 97624203 103086590 0.0356837286146534
8 1441 1567 103085651 120056201 -0.0127064843962596
8 1567 1682 120052180 130655712 0.090868863218419
8 1805 1899 143290399 145066685 0.223466102455663
9 1 86 12134 5776557 -0.0633543716622229
9 86 172 5629025 16061663 -0.142203838759635
9 172 258 15553043 22012536 0.0486213580346922
9 258 428 22012155 35643517 -0.0306945828748791
9 428 514 35642514 39039594 0.0990736248224709
9 514 601 39016969 62845184 -0.162930623013873
9 601 694 62844818 71589933 -0.22417518644619
9 694 792 71589601 82088768 0.0771425290206332
9 792 929 82086155 92424461 -0.0391347329093956
9 929 1040 92414245 97944856 0.0234344544690144
9 1040 1222 97926791 113221318 0.0628066094722183
9 1222 1314 113161006 122200088 0.165961310401185
9 1314 1400 122159908 126838210 0.105540930827617
9 1592 1733 134135365 138286430 0.0842065552519639
X 1 232 253743 25893544 0.0215153015686121
X 232 324 25878339 37545262 -0.0433845251532432
X 324 442 37541077 47145038 -0.0992210402684037
X 442 587 47142216 52054255 0.0162724632085776
X 587 696 52050860 57597545 0.0793236127437531
X 696 974 57591652 86799226 -0.0369017474381305
X 974 1064 86798598 101096367 -0.128848772148547
X 1064 1154 101078879 103919548 -0.0630598776775355
X 1154 1245 103845151 112690520 -0.128449939100267
X 1245 1335 112689915 120383249 -0.00340636683906402
X 1335 1481 120362085 134205916 0.0636240600454117
X 1481 1606 134204353 144309693 -0.0843931327639044
X 1714 1804 153479266 156027877 0.118839001820119
