1 1 209 11869 6730012 -0.0648177284628508
1 209 490 6724637 19596832 0.0399780707053153
1 490 800 19591802 31649371 0.100132302021606
1 800 1009 31644694 40771603 0.170133928656547
1 1009 1321 40691648 54153770 0.00515841793011361
1 1321 1530 54132968 71837012 0.0602068023736036
1 1530 1768 71794232 93554661 0.00726313084086262
1 1768 2035 93448131 111427735 0.0664238256531005
1 2035 2333 111414319 150353233 -0.10709741751739
1 2333 2652 150321479 157060762 0.126379573028122
1 2652 2878 157059232 165624084 -0.0223227979676161
1 2878 3139 165598356 180965909 0.0182311893231737
1 3139 3524 180964511 207879115 0.0429851978995531
1 3524 3733 207801518 224298600 -0.0347047267769363
1 3972 4181 237948017 248937043 -0.0216489585298186
10 1 164 44712 13234374 -0.0195786069021306
10 164 250 13221766 20804577 0.0636772364831582
10 250 336 20804293 28437078 -0.0260616259906216
10 336 429 28436201 36089389 0.0687960272467684
10 429 543 36089086 45076066 -0.0768870651586996
10 543 629 45002222 50152287 -0.155800188397742
10 629 715 50150603 62741385 -0.0544002275295358
10 715 861 62741208 73131828 0.0914960835041336
10 861 949 73110375 77433782 -0.0124024085149795
10 949 1087 77433572 87659279 -0.0771975144317081
10 1087 1173 87607985 93059493 0.0505712226373845
10 1173 1259 92826831 97498794 -0.00747185356165482
10 1259 1409 97458324 104126385 0.153376629016521
10 1409 1501 104122058 114996593 -0.0263699580908513
10 1644 1730 125896564 133778699 0.0137641276516813
11 1 241 75780 5249857 0.0355465412896926
11 241 394 5248269 9311689 -0.177719879421143
11 394 541 9311284 18511475 0.0979062563807974
11 541 679 18511043 32143723 -0.11725012610099
11 679 938 32132657 49406714 0.101229671543848
11 938 1106 49406190 57515780 -0.0180963555120896
11 1106 1277 57484534 61867354 0.0197048848404027
11 1277 1519 61792980 66390168 0.223945547105296
11 1519 1684 66389609 71804640 0.107326630828248
11 1684 1852 71800541 77735026 0.00567214580654811
11 1852 2079 77734475 94652884 -0.0318855327870307
11 2079 2262 94638045 111881243 0.0541272477465952
11 2262 2397 111874056 118355161 -0.0362125762957777
11 2536 2707 124224732 135075908 -0.02463774437378
12 1 221 12310 8308855 0.0185492279526267
12 221 377 8254527 12722369 -0.138674164353192
12 377 494 12715058 21942529 -0.0517057207880909
12 494 608 21797401 31015806 0.11157050524524
12 608 819 31012503 48682238 -0.00974462113760474
12 819 946 48653211 52258867 0.0777489351061552
12 946 1123 52250466 55817724 -0.0200618181837167
12 1123 1237 55752463 57842745 0.180993604688912
12 1237 1479 57837092 76116100 -0.0079663876291678
12 1479 1692 76115711 96902698 -0.0579374556698893
12 1692 1806 96900697 106347003 0.0942904647280991
12 1806 1954 106301929 114408442 0.255410089226972
12 2181 2295 126864465 133235877 0.0644259696531916
13 1 48 18467172 19818619 0
13 48 95 19818121 22803648 -0.100718559781708
13 95 172 22803296 27250711 -0.01215437960389
13 172 222 27236282 30543461 0.0679848021009229
13 222 269 30539597 35251829 -0.0889206393505187
13 269 316 35251070 40535807 -0.136212357519207
13 316 363 40079106 43787852 0.0856998322564846
13 363 410 43787591 46437988 0.0400703746335699
13 410 457 46437394 49936490 -0.0087393975865127
13 457 504 49912702 52848641 0.0600692179578017
13 504 558 52842889 65788764 -0.0638393010535117
13 558 605 65787932 74377951 -0.011591212721374
13 605 675 74377163 81691072 0.102739573920943
13 675 742 81689911 94961319 -0.00524959566592998
13 742 817 94960041 100757059 0.0685050318819818
13 869 944 110053285 114333948 0.0412361111078961
14 1 88 18333726 20451918 0.0024409741615933
14 88 194 20451305 22041153 0.0712364611556277
14 194 302 22040594 22835037 0.0033074323009441
14 302 417 22829879 27845286 0.122975334605699
14 417 547 27258717 37579125 -0.0191750397823754
14 547 634 37564047 48319394 -0.143883325813091
14 634 735 48319068 54420218 0.0271851269775044
14 735 835 54396849 60515543 0.168218610367291
14 835 924 60396469 65281166 -0.0058665510082379
14 924 1011 65279267 71115382 0.0933047642313195
14 1011 1098 70907405 75051532 0.0411834395697425
14 1098 1218 75013769 84951373 0.130928872490602
14 1218 1365 84951274 95199345 0.0547685608763345
14 1365 1452 95199039 100540409 -0.0337672675524943
14 1582 1758 105398538 106879812 -0.0156261731799351
15 1 177 19878555 30131757 -0.0267693613927428
15 177 253 30103720 34210096 -0.273424350689817
15 253 394 34140674 41281887 -0.0136589018623959
15 394 509 41230839 45165576 0.132070855101709
15 509 585 45129933 50514421 -0.0185522389912709
15 585 682 50424380 57529009 0.0298431083244236
15 682 771 57527187 62844631 -0.012717825715645
15 771 847 62390526 66386746 0.155960224535107
15 847 982 66336191 73952137 0.0168623385205334
15 982 1063 73925989 75951144 0.0813905657811372
15 1063 1182 75950464 82372912 -0.0150119242602724
15 1182 1303 82372196 89221614 -0.150105776594519
15 1409 1533 93589867 101979093 -0.0947726005220449
16 1 176 11555 2458854 0.0054783449141138
16 176 272 2429394 3880713 -0.168464861972147
16 272 400 3725054 11349321 0.100007525565136
16 400 526 11348143 18801519 -0.0276524679523093
16 526 659 18788063 25088618 0.10028656790487
16 659 789 25066937 30070457 -0.044751146880572
16 789 902 30064164 31567716 0.045231267254633
16 902 1044 31563082 35259629 -0.0762269040395033
16 1044 1283 35258630 57240469 -0.0148436119169069
16 1283 1379 57186137 66493529 0.0750885187905461
16 1379 1504 66427295 69231130 -0.00371058413314933
16 1504 1600 69131291 72822781 0.115700655358333
16 1600 1740 72665123 82829638 -0.0881544073021092
16 1836 1932 87601835 90222851 0.00651539632943119
17 1 114 142789 3619913 0.0511016844955608
17 114 228 3619256 7019414 -0.0179373362784926
17 228 371 6985494 10259232 0.0675274580377927
17 371 485 10258762 16440952 -0.0487482998220203
17 485 599 16440479 19084834 0.0158537538456059
17 599 795 19082437 28335489 -0.0837743105540889
17 795 912 28328325 30824692 0.0472124052900241
17 912 1026 30769388 35191343 -0.0889427263194796
17 1026 1224 35188522 42050601 0.0183997364769345
17 1224 1369 42038232 45170040 0.153271674417552
17 1369 1498 45160700 48899748 -0.123779177355877
17 1498 1621 48899131 54968703 -0.00556131748547842
17 1621 1797 54951902 63637113 0.0340665720154517
17 1797 1911 63636601 69244846 0.0928364017110496
17 2025 2290 75588058 83240804 0.112874177988494
18 1 49 11103 2594913 0
18 49 93 2593674 5238598 -0.101771777936392
18 93 151 5236724 9509726 -0.0684034880826747
18 151 224 9506242 12344320 -0.0257413976129034
18 224 273 12307669 14342524 0.0255205768675638
18 273 320 14337423 22176662 -0.0568550117323357
18 320 417 22175465 31685836 0.0109526721296932
18 417 468 31622247 35842617 -0.116528478678308
18 468 547 35841759 48863217 0.00677163649545443
18 547 598 48539031 53535903 0.09160030404698
18 598 673 52340197 59318649 -0.0633063625782201
18 673 739 59275156 63981774 0.0155542502898568
18 739 789 63949301 70384591 0.0603725957051739
18 851 895 76822607 80202992 -0.0420002392781909
19 1 291 99175 6494805 0.0837455563597334
19 291 420 6494320 9435571 -0.0504310239496898
19 420 543 9412461 12052967 0.131570086341966
19 543 666 12017888 14496149 -0.00763142099017374
19 666 927 14477760 20321305 0.0462439639071314
19 927 1128 20122569 29921653 -0.132986197890821
19 1128 1251 29921182 35347361 0.0278743684257651
19 1251 1436 35319261 39245129 -0.0907288127784465
19 1436 1601 39243553 42740481 0.0533629009449037
19 1601 1758 42721638 46219920 -0.0771577263929
19 1758 1989 46219423 50823787 0.0408679979374554
19 1989 2161 50819146 53608451 -0.000845467206026613
19 2308 2472 55769118 58599355 -0.0437101441460953
2 1 193 38814 16149394 0.034003792938049
2 193 353 16149251 27212958 -0.0351387361394878
2 353 521 27199587 39098445 0.102866668064084
2 521 873 39098149 70103220 -0.034876313587631
2 873 1145 69962263 88750929 0.0661670844053809
2 1145 1344 88691673 97335974 -0.0536455466152016
2 1344 1541 97335671 109737523 -0.00316236411441941
2 1541 1701 109737139 120214989 -0.0603722987324952
2 1701 1862 120213631 131385490 0.056332409943436
2 1862 2022 131384461 150356460 -0.0918119944872404
2 2022 2182 150169474 168247595 0.0396398203867954
2 2182 2432 167954020 189311967 -0.0308045793711485
2 2432 2592 189311263 202205188 0.119722214369682
2 2592 2752 202073255 214963575 0.0702279707459246
2 2957 3209 227870083 242175634 0.0053538589284522
20 1 52 87250 1994285 0.00318111144926771
20 52 104 1978757 4060113 0.0623684009969425
20 104 167 4059633 10007116 0.136002232378736
20 167 241 9986088 17968980 -0.0910375975419781
20 241 293 17941597 21162890 0.0865209630959748
20 293 371 21148741 25228075 -0.0625160306588213
20 371 436 25195693 32207743 -0.0343961216194069
20 436 528 32192504 35529652 0.0741429541058625
20 528 595 35523186 38578859 0.292708413821436
20 595 647 38472816 43716495 0.163451148205811
20 647 713 43667019 45746287 0.107769749634523
20 713 773 45745737 48827999 0.0159187403581371
20 773 826 48624252 51862912 0.123694849473286
20 826 878 51831797 57282998 -0.0607618305597025
20 951 1041 62305432 64313132 0.0912770519830074
21 1 49 9068361 14992854 0
21 49 78 14971470 18114904 -0.0279452090924246
21 78 109 18022370 22116605 0.0178368722159427
21 109 147 22098616 25763333 -0.0309227106874746
21 147 196 25762938 29657831 0.0308457558600897
21 196 242 29657406 30813274 -0.0737551865683873
21 242 298 30812697 33484258 -0.0491169296275989
21 298 344 33482499 36131376 0.107550897645085
21 344 398 36130489 38977774 -0.0745486281236285
21 398 467 38974429 42782229 -0.107247505343014
21 467 496 42781074 43856342 -0.0225903619271126
21 496 525 43855890 44525952 0.1081507373965
21 570 599 45593654 46691226 0.0311654159012029
22 1 55 11124337 16860718 -0.00340509353159731
22 55 127 16857619 19172839 -0.0723985982610073
22 127 198 19171395 21028830 -0.0176282113346846
22 198 250 21009808 22104857 -0.062619248939211
22 250 302 22103219 22644473 0.0199680990579429
22 302 376 22639177 23717356 -0.0186838406370819
22 376 492 23638487 27801756 -0.100062857369174
22 492 544 27748277 30299482 0.0102963216511829
22 544 596 30285238 31559939 -0.0413945126332926
22 596 661 31559483 35553999 0.0608998889226751
22 661 713 35540831 37355002 0.131948567572524
22 713 822 37352190 40789267 0.0830166811685969
22 822 874 40788777 42149455 0.158290177152366
22 874 926 42140203 44572453 -0.128095641241255
22 993 1045 49817248 50783663 0.0649153214626097
3 1 122 11745 11039247 0.0248374124784536
3 122 244 10992186 20390562 0.146922230751608
3 244 402 20388249 38029642 0.0829237560032325
3 402 606 38007496 48467645 -0.0019429989327527
3 606 728 48446710 51974016 0.255373806603218
3 728 865 51957454 63203448 0.118437000846511
3 865 989 63203218 75667220 0.0263351366110435
3 989 1117 75664330 99529985 -0.0161325436654026
3 1117 1239 99507187 112332791 0.0759824938219242
3 1239 1382 112302478 122662438 -0.000203877331124363
3 1382 1627 122660613 137882237 0.0796002620902438
3 1627 1825 137880295 151458709 0.0140695996890589
3 1825 2046 151425384 170741365 -0.0777504389695782
3 2046 2181 170740351 183616742 -0.0055180259738053
3 2321 2455 193144464 198228376 -0.0241649194163607
4 1 163 49096 7940296 0.0553397777300179
4 163 317 7939001 17614585 -0.0495515618276225
4 317 419 17586267 33982349 0.0568368134473961
4 419 617 33850591 53997712 -0.00316820945683283
4 617 719 53997415 65036017 0.0544455122072953
4 719 833 65034634 70808619 -0.104762204631451
4 833 935 70704204 77819615 0.0312226807714005
4 935 1042 77713387 87462280 0.0966431809563586
4 1042 1152 87460807 100042104 0.018659452487786
4 1152 1254 100041841 109849123 0.0527120683879174
4 1254 1426 109827972 127498807 -0.00636204328022764
4 1426 1574 127498327 144343750 0.0576109383303426
4 1574 1735 143559457 156842236 -0.0455307205324374
4 1877 2058 173699082 190082386 -0.0361585320382674
5 1 174 58198 10770294 -0.0329031547919239
5 174 292 10761065 24885461 -0.0782785354035799
5 292 413 24881943 37085852 -0.132379202167636
5 413 701 37085056 65871725 -0.00564774451184826
5 701 891 65722205 77166909 0.0989714075322061
5 891 1045 77086688 90356609 -0.0221900385800396
5 1045 1195 90353037 103562790 -0.091505367746216
5 1195 1310 103548855 116562930 0.0475644178503866
5 1310 1425 116562562 127664029 -0.013075502854699
5 1425 1628 127651693 139745010 0.0994563173326258
5 1628 1743 139684645 142154440 -0.196779759429581
5 1743 1940 142108779 157605637 0.115639829581251
5 2078 2318 172254418 181472430 0.0767458773966776
6 1 235 95124 17531652 -0.0214830258878267
6 235 361 17530899 27652825 0.0275582155218946
6 361 511 27652602 30351550 -0.0912409357946996
6 511 717 30351416 33284832 0.0172353591293077
6 717 908 33277123 42500022 0.102229876213584
6 908 1022 42499710 49078051 0.171201148468889
6 1022 1148 49077712 58121029 -0.0193769761081927
6 1148 1262 58119741 75250323 -0.1549865767393
6 1262 1428 75237675 90363912 -0.0167404700203791
6 1428 1750 90295507 127660579 0.0285146485165841
6 1750 1916 127659690 140093721 -0.0680509172003646
6 1916 2061 139976352 152637801 -0.137503486581979
6 2175 2289 160926269 170745977 -0.0380812468273915
7 1 164 70972 8262821 0.100229787597594
7 164 446 8262233 32457758 -0.054974049917946
7 446 630 32456963 44601487 -0.0204846185020887
7 630 792 44601032 56632727 0.055496475876509
7 792 916 56631739 64356199 -0.00567504282588132
7 916 1140 64355078 78359458 -0.0655131333971494
7 1140 1255 78347142 92590393 -0.0290004517329277
7 1255 1387 92560758 100221490 0.163843733614751
7 1387 1514 100218241 105567677 0.0542528659802951
7 1514 1664 105532169 122062036 0.0155950791193463
7 1664 1851 121873089 134735129 -0.0533828759279338
7 1851 2034 134734898 142797291 0.0241096941800708
7 2149 2307 149547154 159233377 0.01976144459974
8 1 292 64091 17224799 -0.0534121711668131
8 292 541 17156482 33015026 0.0608047456613639
8 541 635 33014081 38996824 -0.0796903018416403
8 635 743 38988808 47189560 0.0891559414385141
8 743 891 47189305 60142142 -0.0349337410959848
8 891 1079 60141821 75029460 -0.0981776775117855
8 1079 1173 75026428 84864907 -0.173755957211713
8 1173 1328 84864668 96235546 -0.0672222270783635
8 1328 1532 96222947 114318911 -0.00835145498047832
8 1532 1711 114318400 133756646 0.0675337679226879
8 1805 1899 143290399 145066685 0.0934254591946613
9 1 86 12134 5776557 -0.0690558810019202
9 86 173 5629025 15588615 -0.112099819842932
9 173 259 15588355 22214672 0.0236981014516042
9 259 345 22203990 33473930 -0.114406491456996
9 345 491 33461353 37867666 0.0480422707916668
9 491 577 37800554 61866965 -0.104296969474846
9 577 697 61865755 71911193 -0.197645702944836
9 697 895 71862452 90743380 0.077526607634857
9 895 981 90742526 95517057 -0.016966658904843
9 981 1067 95442980 99929896 -0.103954437951654
9 1067 1158 99915077 107964045 0.0652849658174785
9 1158 1410 107963703 127451406 0.121357283740827
9 1410 1561 127447674 133149334 0.201853654403582
9 1647 1733 136658856 138286430 0.00931941132122638
X 1 230 253743 25591808 0.015765433976622
X 230 522 25591353 48898143 -0.0253674420897331
X 522 689 48893447 57069685 0.0145880659848699
X 689 779 57068914 70205704 -0.0652344231585948
X 779 936 70177483 80562054 0.0360315927438578
X 936 1032 80560146 96885467 -0.0990291036459724
X 1032 1122 96883908 102806646 -0.0153547709720343
X 1122 1212 102806164 109544690 -0.188044918306268
X 1212 1324 109535781 120146854 -0.0378880287387374
X 1324 1452 120036236 131437670 0.0347679069580176
X 1452 1583 131437055 141264213 -0.0254700477003855
X 1678 1804 151904431 156027877 0.100767911326404
